a = 3.43576344729
b = 135.839055342